(0, 0, 0, 0, 0, 0, 231, 0, -371, 0, 0, 11300, 0, 1, '0x00,0x00,0x00,0x00', 0, 0, 24, 0, 1583218, 0, 37.5417, 0, 126.818, 0, 255, 1, 1225797015, '2019-12-01 21:42', '2019-12-01 21:43', 635, 990, 990, 31, '5de437d1ebc1a13079f01174')
(0, 0, 0, 0, 0, 0, 230, 0, -371, 0, 0, 11300, 0, 1, '0x00,0x00,0x00,0x00', 0, 0, 24, 0, 1583226, 0, 37.5417, 0, 126.818, 0, 255, 1, 1225797015, '2019-12-01 21:42', '2019-12-01 21:43', 633, 990, 990, 31, '5de437d1ebc1a13079f01177')
(0, 0, 0, 0, 0, 0, 274, 0, -361, 0, 0, 11300, 0, 1, '0x00,0x00,0x00,0x00', 0, 288, 0, 0, 1583246, 0, 37.5417, 0, 126.818, 0, 255, 1, 1225797015, '2019-12-01 21:42', '2019-12-01 21:43', 613, 990, 990, 31, '5de437d1ebc1a13079f01184')
(0, 0, 0, 0, 0, 0, 261, 0, -321, 0, 0, 11300, 0, 1, '0x00,0x00,0x00,0x00', 0, 288, 5, 0, 1583299, 0, 37.5417, 0, 126.818, 0, 255, 1, 1225797015, '2019-12-01 21:43', '2019-12-01 21:43', 557, 990, 990, 31, '5de437d1ebc1a13079f011ab')
(0, 0, 0, 0, 0, 0, 230, 0, -371, 0, 0, 11300, 0, 1, '0x00,0x00,0x00,0x00', 0, 0, 24, 0, 1583226, 0, 37.5417, 0, 126.818, 0, 255, 1, 1225797015, '2019-12-01 21:42', '2019-12-01 21:43', 633, 990, 990, 31, '5de437d1ebc1a13079f01176')
(0, 0, 0, 0, 0, 0, 230, 0, -361, 0, 0, 11300, 0, 1, '0x00,0x00,0x00,0x00', 0, 0, 24, 0, 1583231, 0, 37.5417, 0, 126.818, 0, 255, 1, 1225797015, '2019-12-01 21:42', '2019-12-01 21:43', 625, 990, 990, 31, '5de437d1ebc1a13079f0117b')
(0, 0, 0, 0, 0, 0, 231, 0, -361, 0, 0, 11300, 0, 1, '0x00,0x00,0x00,0x00', 0, 288, 0, 0, 1583239, 0, 37.5417, 0, 126.818, 0, 255, 1, 1225797015, '2019-12-01 21:42', '2019-12-01 21:43', 619, 990, 990, 31, '5de437d1ebc1a13079f01180')
(0, 0, 0, 0, 0, 0, 230, 0, -341, 0, 0, 11300, 0, 1, '0x00,0x00,0x00,0x00', 0, 288, 3, 0, 1583264, 0, 37.5417, 0, 126.818, 0, 255, 1, 1225797015, '2019-12-01 21:43', '2019-12-01 21:43', 599, 990, 990, 31, '5de437d1ebc1a13079f01190')
(0, 0, 0, 0, 0, 0, 229, 0, -341, 0, 0, 11300, 0, 1, '0x00,0x00,0x00,0x00', 0, 288, 3, 0, 1583266, 0, 37.5417, 0, 126.818, 0, 255, 1, 1225797015, '2019-12-01 21:43', '2019-12-01 21:43', 595, 990, 990, 31, '5de437d1ebc1a13079f01191')
(0, 0, 0, 0, 0, 0, 230, 0, -331, 0, 0, 11300, 0, 1, '0x00,0x00,0x00,0x00', 0, 288, 5, 0, 1583282, 0, 37.5417, 0, 126.818, 0, 255, 1, 1225797015, '2019-12-01 21:43', '2019-12-01 21:43', 583, 990, 990, 31, '5de437d1ebc1a13079f0119d')
